16,1
13,50
16,7
13,33
16,2
13,29
16,5
13,28
13,27
13,24
13,20
13,17
13,16
13,6
13,5
13,2
13,1
8,7
8,6
8,5
8,2
8,1
6,6
6,5
6,2
6,1
5,6
5,5
5,2
5,1
2,5
2,2
2,1
0,824
0,822
0,651
0,650
0,649
0,648
0,647
0,646
0,645
0,644
0,643
0,642
0,641
0,640
0,639
0,638
0,637
0,636
0,635
0,634
0,633
0,632
0,631
0,630
0,629
0,628
0,627
0,626
0,625
0,624
0,623
0,622
0,621
0,620
0,619
0,618
0,617
0,616
0,615
0,614
0,613
0,612
0,611
0,610
0,609
0,608
0,607
0,606
0,605
0,604
0,603
0,340
0,308
0,305
0,311
0,310
0,0
0,307
0,306
0,13
0,339
0,11
0,9
111,34
111,33
111,32
111,31
111,30
111,29
111,28
111,27
111,26
111,25
111,24
111,23
111,22
111,21
111,20
111,19
111,18
111,17
111,16
111,15
111,14
111,13
111,12
111,11
111,10
111,9
111,8
111,7
111,6
111,5
111,4
111,3
111,2
111,0
0,484
0,469
0,303
0,483
0,468
0,302
0,467
0,301
0,817
0,466
0,300
0,482
0,465
0,299
0,481
0,464
0,298
0,480
0,463
0,297
0,816
0,462
0,296
0,815
0,461
0,295
0,479
0,460
0,294
0,478
0,459
0,293
0,477
0,458
0,292
0,457
0,291
0,456
0,290
0,453
0,455
0,289
0,814
0,493
0,288
0,452
0,287
0,476
0,451
0,286
0,454
0,450
0,285
0,813
0,449
0,284
0,812
